56
53
63
66
54
54
48
55
53
51
57
58
67
47
61
65
55
64
64
58
64
52
54
60
61
55
52
58
60
49
55
55
57
56
50
52
53
61
57
54
55
57
58
59
55
62
62
50
60
53
54
60
56
57
53
63
50
54
53
63
53
55
52
60
57
55
57
66
56
59
64
60
65
62
54
55
51
53
51
61
66
50
55
62
59
60
61
60
56
55
56
62
49
52
50
52
47
53
57
63
64
70
63
54
55
46
55
56
74
51
51
56
62
55
63
60
58
72
66
66
58
50
61
57
48
52
54
55
65
56
59
60
54
59
55
46
57
56
49
56
61
57
51
48
56
66
49
63
69
61
55
42
59
57
58
51
67
63
56
53
54
58
59
62
53
67
63
56
48
64
54
70
64
60
49
45
49
56
52
51
62
52
59
50
51
60
72
48
58
60
60
52
58
51
61
63
56
60
56
52
55
45
66
56
54
64
74
60
49
65
53
61
54
61
71
64
70
59
51
53
74
67
63
65
58
50
57
52
52
52
57
62
62
65
60
60
52
62
58
58
61
51
57
55
49
56
57
67
44
52
55
47
59
50
61
54
61
51
51
61
49
54
50
52
50
60
54
64
57
58
62
65
66
55
52
60
54
70
58
64
56
57
54
67
64
49
71
59
57
45
58
63
62
56
65
55
58
55
55
56
64
44
58
66
54
52
61
56
51
59
65
60
60
56
62
52
60
57
57
60
54
49
60
65
62
50
57
63
66
63
58
55
63
54
61
59
64
55
64
66
61
64
53
61
63
67
58
59
59
55
68
63
61
52
61
64
55
64
58
52
53
54
59
53
51
57
64
62
54
66
56
54
62
50
69
47
61
61
47
56
60
45
60
54
59
61
59
48
57
56
58
66
53
58
61
57
44
56
53
46
59
58
65
49
52
56
60
52
65
61
51
58
56
63
63
68
60
62
54
48
50
52
62
51
66
56
53
58
56
61
49
66
65
58
56
61
58
53
57
63
56
61
61
56
53
48
54
54
43
58
63
54
64
49
51
57
52
61
61
58
51
57
51
59
67
46
49
69
55
71
61
63
55
64
55
58
64
62
51
59
59
59
55
69
60
57
50
49
53
62
53
52
49
60
62
58
61
64
71
54